   1.9992471973934376e+00
   9.9924890764886698e-01
   6.6591784889020855e-01
   4.9925401824720145e-01
   3.9925740950968081e-01
   3.3259468437760387e-01
   2.8498011808470181e-01
   2.4927085198518426e-01
   2.2149860936397323e-01
   1.9928244762396144e-01
   1.8110715095821167e-01
   1.6596272571264015e-01
   1.5314970191363877e-01
   1.4216871315328836e-01
   1.3265330299992215e-01
   1.2432885513265264e-01
   1.1698515931478694e-01
   1.1045894795241609e-01
   1.0462096819750255e-01
   9.9368309833712865e-02
   9.4617081019416668e-02
   9.0299207256273842e-02
   8.6357805521526207e-02
   8.2746445206485733e-02
   7.9424765496129215e-02
   7.6360021188171423e-02
   7.3523257836822162e-02
   7.0890388154905962e-02
   6.8439715770131013e-02
   6.6153789938636159e-02
   6.4015734232489352e-02
   6.2012788152488590e-02
   6.0131549153123083e-02
   5.8362144883283854e-02
   5.6693952932670058e-02
   5.5119743813327703e-02
   5.3630418204455105e-02
   5.2220930037648015e-02
   5.0883154110757639e-02
   4.9613826985712130e-02
   4.8405796597909709e-02
   4.7256463105412087e-02
   4.6159749485307190e-02
   4.5114371610966111e-02
   4.4114415686529219e-02
   4.3158982618568487e-02
   4.2242842933269083e-02
   4.1366299247081711e-02
   4.0524149109992441e-02
   3.9716634508483561e-02
   3.8939173414758256e-02
   3.8192922243125163e-02
   3.7472823781236661e-02
   3.6780174575537408e-02
   3.6111075151725007e-02
   3.5466564330371597e-02
   3.4842149741383110e-02
   3.4240647385148051e-02
   3.3656750546939014e-02
   3.3093190142071786e-02
   3.2545741173821960e-02
   3.2016204273979380e-02
   3.1500742403458327e-02
   3.1002163577151243e-02
   3.0516261173448061e-02
   3.0045096282394344e-02
   2.9585306970215958e-02
   2.9139054021991708e-02
   2.8702321830726026e-02
   2.8278546982244759e-02
   2.7864001246003158e-02
   2.7460106464757821e-02
   2.7064771379445882e-02
   2.6678908563378047e-02
   2.6300743954231105e-02
   2.5931705201590667e-02
   2.5569416336362789e-02
   2.5215152351476987e-02
   2.4867242610852401e-02
   2.4526394556022613e-02
   2.4191576414304024e-02
   2.3862709306186908e-02
   2.3539383345690845e-02
   2.3221431043083288e-02
   2.2909056919230626e-02
   2.2601062684595358e-02
   2.2298006840185264e-02
   2.1999102538211451e-02
   2.1704644175976315e-02
   2.1414247388385318e-02
   2.1127769585061670e-02
   2.0844501843480676e-02
   2.0565270788382085e-02
   2.0288551215313075e-02
   2.0015601740522342e-02
   1.9745229745546780e-02
   1.9478446870404852e-02
   1.9213111071662913e-02
   1.8951727576967798e-02
   1.8690948577194742e-02
   1.8435159212590781e-02
   1.8180120010022942e-02
   1.7927420005559910e-02
   1.7675785797066496e-02
   1.7428094327633828e-02
   1.7180501599512118e-02
   1.6936211123258986e-02
   1.6692285065373614e-02
   1.6451551354503376e-02
   1.6210714409541149e-02
   1.5972742941883902e-02
   1.5735059534559406e-02
   1.5500698467379300e-02
   1.5266057211185643e-02
   1.5033456456672810e-02
   1.4801688251704775e-02
   1.4572230115289277e-02
   1.4342826890511891e-02
   1.4115883978226745e-02
   1.3888935380297177e-02
   1.3663858190840952e-02
   1.3440250890588167e-02
   1.3217589213145833e-02
   1.2996046915057400e-02
   1.2776189119135983e-02
   1.2556917324920940e-02
   1.2338341433884858e-02
   1.2121434187091790e-02
   1.1906059064340281e-02
   1.1691170376054777e-02
   1.1478251880588460e-02
   1.1266095273186619e-02
   1.1055364365329504e-02
   1.0845684256848282e-02
   1.0637446760008516e-02
   1.0430368290850010e-02
   1.0225500540658758e-02
   1.0019816746490821e-02
   9.8177271250276740e-03
   9.6155056885895689e-03
   9.4145943295084467e-03
   9.2166955890671080e-03
   9.0193433889381516e-03
   8.8231887275243073e-03
   8.6283963792062063e-03
   8.4362816456257147e-03
   8.2449471063275204e-03
   8.0559161383236405e-03
   7.8670756634587127e-03
   7.6825933966434010e-03
   7.4967707420377193e-03
   7.3145828176805353e-03
   7.1320836651180526e-03
   6.9551791795819783e-03
   6.7776665683359312e-03
   6.6025394723321666e-03
   6.4275135645061980e-03
   6.2582894898519882e-03
   6.0872827219962166e-03
   5.9210506648077824e-03
   5.7560117389693199e-03
   5.5936733613766139e-03
   5.4322918132944020e-03
   5.2746574382773505e-03
   5.1163995255089972e-03
   4.9633928907534914e-03
   4.8114729256876956e-03
   4.6598765518412952e-03
   4.5128439758594973e-03
   4.3685965967448451e-03
   4.2228630263396304e-03
   4.0833418871990901e-03
   3.9481606010583732e-03
   3.8107860114680158e-03
   3.6748200678141957e-03
   3.5462314866860183e-03
   3.4173498641996464e-03
   3.2941969009107337e-03
   3.1696766043310324e-03
   3.0480499445525483e-03
   2.9291184875342444e-03
   2.8128909381464635e-03
   2.7001982489544144e-03
   2.5889909156248917e-03
   2.4815135111818085e-03
   2.3769654779731259e-03
   2.2736872691236209e-03
   2.1699958742241181e-03
   2.0727831001452154e-03
   1.9783538815159574e-03
   1.8882016633705919e-03
   1.7941693006442657e-03
   1.7042363959627505e-03
   1.6207905890090772e-03
   1.5370697121288050e-03
   1.4570571653436482e-03
   1.3802021197262184e-03
   1.3041467487462058e-03
   1.2281417886060690e-03
   1.1585472330139374e-03
   1.0903255903855285e-03
   1.0234126760906251e-03
   9.6043832721100448e-04
   8.9722971842635751e-04
   8.4049754838195513e-04
   7.8438723074741672e-04
   7.3002265407734620e-04
   6.7782957157830261e-04
   6.2722078174641462e-04
   5.7956481394524028e-04
   5.3715881720455471e-04
   4.9039728019183940e-04
   4.4457965482427479e-04
   4.1251067017234675e-04
   3.7536324818347505e-04
   3.3748152925597470e-04
   3.0484464503521071e-04
   2.7565680497113585e-04
   2.4697031712632076e-04
   2.1838281752900915e-04
   1.9296042681468800e-04
