   1.9992379698080640e+00
   9.9923973039915381e-01
   6.6590873955362895e-01
   4.9924499302551339e-01
   3.9924848550094794e-01
   3.3258587728687417e-01
   2.8497144668813235e-01
   2.4926232810173587e-01
   2.2149025805902056e-01
   1.9927427366292250e-01
   1.8109921182940525e-01
   1.6595495898150148e-01
   1.5314220083541841e-01
   1.4216142231498452e-01
   1.3264630748213335e-01
   1.2432211450573050e-01
   1.1697874183482782e-01
   1.1045277230493866e-01
   1.0461518753106702e-01
   9.9362767993397938e-02
   9.4611950248008725e-02
   9.0294359441180916e-02
   8.6353507259445905e-02
   8.2742315406903799e-02
   7.9421233454183948e-02
   7.6356791008919345e-02
   7.3520471659207942e-02
   7.0887828213926696e-02
   6.8437780997101072e-02
   6.6152056487680966e-02
   6.4014734616250735e-02
   6.2011880954945475e-02
   6.0131245779530218e-02
   5.8362016241460424e-02
   5.6694611043212717e-02
   5.5120509327025502e-02
   5.3632107316921918e-02
   5.2222597611674360e-02
   5.0885867043689359e-02
   4.9616409868633582e-02
   4.8409253664203789e-02
   4.7259895820388920e-02
   4.6164248891045645e-02
   4.5118593418692399e-02
   4.4119537032031531e-02
   4.3163978905568001e-02
   4.2249078744674762e-02
   4.1372229667786087e-02
   4.0531034396735777e-02
   3.9723284334860054e-02
   3.8946941079757380e-02
   3.8200120098736079e-02
   3.7481076252788625e-02
   3.6788190929655684e-02
   3.6119960588735012e-02
   3.5474986522558538e-02
   3.4851965739335355e-02
   3.4249682745212340e-02
   3.3667002212723673e-02
   3.3102862348471263e-02
   3.2556268945654665e-02
   3.2026289996792912e-02
   3.1512050844412443e-02
   3.1012729767539327e-02
   3.0527554001082535e-02
   3.0055796105671106e-02
   2.9596770671901140e-02
   2.9149831324502884e-02
   2.8714367982161093e-02
   2.8289804375617678e-02
   2.7875595739715209e-02
   2.7471226736224708e-02
   2.7076209543110963e-02
   2.6690082073855592e-02
   2.6312406413808276e-02
   2.5942767292690405e-02
   2.5580770745364134e-02
   2.5226042843655705e-02
   2.4878228526858948e-02
   2.4536990557407989e-02
   2.4202008515771922e-02
   2.3872977885730506e-02
   2.3549609215933742e-02
   2.3231627319773906e-02
   2.2918770568139735e-02
   2.2610790228100086e-02
   2.2307449748950603e-02
   2.2008524278817276e-02
   2.1713800075076506e-02
   2.1423073980258778e-02
   2.1136153017550896e-02
   2.0852853827818763e-02
   2.0573002364471904e-02
   2.0296433470889497e-02
   2.0022990484676484e-02
   1.9752524942475702e-02
   1.9484896219523762e-02
   1.9219971255836299e-02
   1.8957624249537730e-02
   1.8697736406465992e-02
   1.8440195636458157e-02
   1.8184896403852235e-02
   1.7931739403593383e-02
   1.7680631381022494e-02
   1.7431484940061637e-02
   1.7184218319982847e-02
   1.6938755210730960e-02
   1.6695024577984441e-02
   1.6452960484002688e-02
   1.6212501918118960e-02
   1.5973592646219004e-02
   1.5736181038391805e-02
   1.5500219931766424e-02
   1.5265666474533646e-02
   1.5032481994239788e-02
   1.4800631845901080e-02
   1.4570085308150738e-02
   1.4340815398099949e-02
   1.4112798800397286e-02
   1.3886015710568245e-02
   1.3660449714421929e-02
   1.3436087680929631e-02
   1.3212919615398278e-02
   1.2990938594839463e-02
   1.2770140575867117e-02
   1.2550524347943792e-02
   1.2332091400594436e-02
   1.2114845796986629e-02
   1.1898794078206265e-02
   1.1683945150934960e-02
   1.1470310177173815e-02
   1.1257902469537839e-02
   1.1046737388483052e-02
   1.0836832231454263e-02
   1.0628206121054973e-02
   1.0420879915727710e-02
   1.0214876105010262e-02
   1.0010218693423667e-02
   9.8069331086207967e-03
   9.6050461028198697e-03
   9.4045856494631153e-03
   9.2055808140685258e-03
   9.0080617383136996e-03
   8.8120594400038499e-03
   8.6176057970988040e-03
   8.4247333934399649e-03
   8.2334754631574469e-03
   8.0438657805643743e-03
   7.8559385474363808e-03
   7.6697283720932319e-03
   7.4852700790870585e-03
   7.3025986953325628e-03
   7.1217493232325069e-03
   6.9427570779225789e-03
   6.7656569826795021e-03
   6.5904838943424693e-03
   6.4172724257787195e-03
   6.2460568642563885e-03
   6.0768710606566856e-03
   5.9097484204357897e-03
   5.7447217507160531e-03
   5.5818232525552958e-03
   5.4210844036788330e-03
   5.2625359182911779e-03
   5.1062076577181870e-03
   4.9521285794753567e-03
   4.8003266841760706e-03
   4.6508289301527839e-03
   4.5036611926434489e-03
   4.3588482038785514e-03
   4.2164135033999628e-03
   4.0763793846849694e-03
   3.9387668446124735e-03
   3.8035955469126748e-03
   3.6708837674979122e-03
   3.5406483693236623e-03
   3.4129047529631862e-03
   3.2876668310564128e-03
   3.1649469903278771e-03
   3.0447560686184261e-03
   2.9271033238273958e-03
   2.8119964184853963e-03
   2.6994413914280813e-03
   2.5894426489685429e-03
   2.4820029439069913e-03
   2.3771233654770185e-03
   2.2748033387642863e-03
   2.1750406069713790e-03
   2.0778312409674982e-03
   1.9831696235996787e-03
   1.8910484689058649e-03
   1.8014588321761948e-03
   1.7143900904557086e-03
   1.6298299864274668e-03
   1.5477646143153834e-03
   1.4681784599872572e-03
   1.3910544066675357e-03
   1.3163737587547075e-03
   1.2441162710956633e-03
   1.1742601714104239e-03
   1.1067821808410372e-03
   1.0416575692033803e-03
   9.7886016669690434e-04
   9.1836240370923861e-04
   8.6013535610618419e-04
   8.0414877675138996e-04
   7.5037114677201089e-04
   6.9876970457016796e-04
   6.4931050530958601e-04
   6.0195845935595571e-04
   5.5667738382680909e-04
   5.1343005156923027e-04
   4.7217824132417263e-04
   4.3288279230324633e-04
   3.9550365534068987e-04
   3.5999994871360741e-04
   3.2633001342219359e-04
   2.9445146881812434e-04
   2.6432127145881168e-04
   2.3589577000393547e-04
   2.0913076571105194e-04
