   1.9990539000460759e+00
   9.9905636696062883e-01
   6.6572684720675668e-01
   4.9906478381995717e-01
   3.9907032106278928e-01
   3.3241005390020600e-01
   2.8479867112846213e-01
   2.4909255639843145e-01
   2.2132393513354987e-01
   1.9911224013781412e-01
   1.8094442262430246e-01
   1.6580069121769903e-01
   1.5299502504306578e-01
   1.4201891842362280e-01
   1.3250832611164592e-01
   1.2419076268982894e-01
   1.1685188607064981e-01
   1.1033282764026393e-01
   1.0450121573979540e-01
   9.9254134454548754e-02
   9.4509908357965577e-02
   9.0199783114943810e-02
   8.6267359305755756e-02
   8.2660691519574975e-02
   7.9348732985561943e-02
   7.6295658897618024e-02
   7.3460189473148238e-02
   7.0835910611971323e-02
   6.8392371514617911e-02
   6.6114586161429206e-02
   6.3984556081464569e-02
   6.1988547031422363e-02
   6.0113150272155191e-02
   5.8351656300409872e-02
   5.6691965281883916e-02
   5.5125714534788491e-02
   5.3645045817898321e-02
   5.2242986315901352e-02
   5.0913836398307752e-02
   4.9651713336853844e-02
   4.8450036241977350e-02
   4.7308865556040879e-02
   4.6219265946302372e-02
   4.5180262920556297e-02
   4.4186533899706948e-02
   4.3238135605911651e-02
   4.2329326596751905e-02
   4.1459419610260700e-02
   4.0622487707600935e-02
   3.9821517651184864e-02
   3.9049489643064879e-02
   3.8308120913096946e-02
   3.7593349845854586e-02
   3.6906326293800584e-02
   3.6241296238568491e-02
   3.5601240931295589e-02
   3.4981583351677753e-02
   3.4383655304368869e-02
   3.3803537929681375e-02
   3.3243336937746115e-02
   3.2698790868957966e-02
   3.2172002560105557e-02
   3.1658896701204940e-02
   3.1162327151076873e-02
   3.0678281919173930e-02
   3.0208517385333578e-02
   2.9749905940483837e-02
   2.9304664285286303e-02
   2.8867491268848279e-02
   2.8443841607411809e-02
   2.8029935070924286e-02
   2.7625345030851092e-02
   2.7229733158524408e-02
   2.6841947257061585e-02
   2.6462066087071554e-02
   2.6091760123777494e-02
   2.5727302792120939e-02
   2.5371100467376891e-02
   2.5020739143465386e-02
   2.4677537412673509e-02
   2.4340507655496647e-02
   2.4007881067274497e-02
   2.3680367236537131e-02
   2.3357472280180095e-02
   2.3042687138587203e-02
   2.2729382724408734e-02
   2.2421307538551451e-02
   2.2117447258407457e-02
   2.1816608625361732e-02
   2.1523335329058903e-02
   2.1230906713391260e-02
   2.0942516517392058e-02
   2.0657678982545113e-02
   2.0374791154432657e-02
   2.0094443088194046e-02
   1.9819417018447381e-02
   1.9546796613506820e-02
   1.9274019810893248e-02
   1.9006618402020118e-02
   1.8736939035340888e-02
   1.8477646352806049e-02
   1.8217437740407481e-02
   1.7956499153455204e-02
   1.7697359403753034e-02
   1.7444254043329385e-02
   1.7189717211029430e-02
   1.6939093351030190e-02
   1.6688580884116636e-02
   1.6441937716659631e-02
   1.6194055122750614e-02
   1.5949306348564771e-02
   1.5705206467623467e-02
   1.5465362302798576e-02
   1.5224522351908748e-02
   1.4985203290136034e-02
   1.4747813007458315e-02
   1.4512561726010401e-02
   1.4277493121389297e-02
   1.4045053572822827e-02
   1.3812768537900196e-02
   1.3582510304994268e-02
   1.3353936749435559e-02
   1.3126596957531005e-02
   1.2900265698058680e-02
   1.2675945130820413e-02
   1.2452228328384326e-02
   1.2230563908730917e-02
   1.2009538418309646e-02
   1.1790777914527777e-02
   1.1572783744552778e-02
   1.1356750585626603e-02
   1.1141539241052833e-02
   1.0928440551157827e-02
   1.0716327170575055e-02
   1.0506102714644829e-02
   1.0297017153158955e-02
   1.0088791434439328e-02
   9.8845603091567650e-03
   9.6791839884494274e-03
   9.4772646680182683e-03
   9.2776426463439324e-03
   9.0766664000088721e-03
   8.8791306588300711e-03
   8.6836402899337726e-03
   8.4906224887065385e-03
   8.2972003991303323e-03
   8.1071229682332015e-03
   7.9177071714811361e-03
   7.7326716663567874e-03
   7.5446384001863730e-03
   7.3645147391491368e-03
   7.1825806584785530e-03
   7.0063354987170813e-03
   6.8258844497038626e-03
   6.6514443549230019e-03
   6.4785887323696124e-03
   6.3107603223484495e-03
   6.1385859225599471e-03
   5.9745689435788127e-03
   5.8089399846089273e-03
   5.6460767431858435e-03
   5.4854241215932511e-03
   5.3276749955359507e-03
   5.1714600632318539e-03
   5.0195950123745666e-03
   4.8678976866117860e-03
   4.7183724896054510e-03
   4.5755456045919627e-03
   4.4300272299652990e-03
   4.2889042576598896e-03
   4.1519321357489656e-03
   4.0150268541253040e-03
   3.8766435306280228e-03
   3.7480796912808755e-03
   3.6199456024689123e-03
   3.4914979097807369e-03
   3.3671126697529551e-03
   3.2435839803849416e-03
   3.1239571282516078e-03
   3.0087952244860308e-03
   2.8938072221572214e-03
   2.7820137543520169e-03
   2.6710611862956562e-03
   2.5647415359197991e-03
   2.4592988391003373e-03
   2.3565882346502950e-03
   2.2563524201386735e-03
   2.1585291585883969e-03
   2.0643807346125980e-03
   1.9711770021617571e-03
   1.8810788586036940e-03
   1.7926374058076988e-03
   1.7068205944612562e-03
   1.6243646880040948e-03
   1.5436448795590788e-03
   1.4650937088465088e-03
   1.3882785119793146e-03
   1.3152207054851401e-03
   1.2417953512480907e-03
   1.1734035894242617e-03
   1.1061899690422120e-03
   1.0415256116764074e-03
   9.7915452266617497e-04
   9.1803594939149553e-04
   8.6120786195492639e-04
   8.0507052967251122e-04
   7.5160656873901502e-04
   6.9923997785057963e-04
   6.4877950174505104e-04
   6.0115793801640799e-04
   5.5838278674022641e-04
   5.1249833475500585e-04
   4.6540996845294551e-04
   4.3337075773488859e-04
   3.9570503527566525e-04
   3.5694360589909655e-04
   3.2407851422721094e-04
   2.9346120284138471e-04
   2.6440286576222293e-04
   2.3493721655337704e-04
   2.0855067095833761e-04
