-0.0245354250469809
-0.0245301102519200
-0.0245230268001384
-0.0245141772105928
-0.0245035646289260
-0.0244911928254261
-0.0244770661925848
-0.0244611897422509
-0.0244435691024325
-0.0244242105136312
-0.0244031208248092
-0.0243803074890057
-0.0243557785585393
-0.0243295426798129
-0.0243016090877628
-0.0242719875999695
-0.0242406886103224
-0.0242077230824096
-0.0241731025425116
-0.0241368390722378
-0.0240989453008726
-0.0240594343973211
-0.0240183200617832
-0.0239756165170624
-0.0239313384996365
-0.0238855012503274
-0.0238381205047551
-0.0237892124834715
-0.0237387938817850
-0.0236868818594305
-0.0236334940298022
-0.0235786484491181
-0.0235223636052027
-0.0234646584061382
-0.0234055521686045
-0.0233450646060946
-0.0232832158168801
-0.0232200262717708
-0.0231555168017508
-0.0230897085853918
-0.0230226231361454
-0.0229542822894366
-0.0228847081896921
-0.0228139232771758
-0.0227419502747575
-0.0226688121745378
-0.0225945322244057
-0.0225191339145097
-0.0224426409636527
-0.0223650773056376
-0.0222864670755376
-0.0222068345959707
-0.0221262043633099
-0.0220446010339082
-0.0219620494102770
-0.0218785744273373
-0.0217942011386243
-0.0217089547025369
-0.0216228603686837
-0.0215359434641633
-0.0214482293800216
-0.0213597435577038
-0.0212705114756315
-0.0211805586358289
-0.0210899105506877
-0.0209985927298173
-0.0209066306670147
-0.0208140498274076
-0.0207208756346438
-0.0206271334583299
-0.0205328486015564
-0.0204380462886151
-0.0203427516528820
-0.0202469897248760
-0.0201507854205363
-0.0200541635296387
-0.0199571487044783
-0.0198597654487060
-0.0197620381064327
-0.0196639908515284
-0.0195656476771378
-0.0194670323854846
-0.0193681685778553
-0.0192690796448805
-0.0191697887570252
-0.0190703188553987
-0.0189706926427382
-0.0188709325747469
-0.0187710608516478
-0.0186710994100303
-0.0185710699149664
-0.0184709937524299
-0.0183708920219590
-0.0182707855296520
-0.0181706947814064
-0.0180706399764894
-0.0179706410013683
-0.0178707174238426
-0.0177708884874965
-0.0176711731064025
-0.0175715898601483
-0.0174721569891632
-0.0173728923903189
-0.0172738136128472
-0.0171749378545403
-0.0170762819582411
-0.0169778624086492
-0.0168796953293842
-0.0167817964803674
-0.0166841812554808
-0.0165868646805001
-0.0164898614113342
-0.0163931857325259
-0.0162968515560327
-0.0162008724202933
-0.0161052614895560
-0.0160100315534675
-0.0159151950269396
-0.0158207639502761
-0.0157267499895348
-0.0156331644371597
-0.0155400182128567
-0.0154473218647071
-0.0153550855705150
-0.0152633191394022
-0.0151720320136055
-0.0150812332705169
-0.0149909316249311
-0.0149011354315024
-0.0148118526874084
-0.0147230910352133
-0.0146348577659224
-0.0145471598222267
-0.0144600038019238
-0.0143733959615174
-0.0142873422199877
-0.0142018481627127
-0.0141169190455657
-0.0140325597991390
-0.0139487750331287
-0.0138655690408501
-0.0137829458038800
-0.0137009089968280
-0.0136194619922232
-0.0135386078655124
-0.0134583494001597
-0.0133786890928465
-0.0132996291587654
-0.0132211715369932
-0.0131433178959471
-0.0130660696389103
-0.0129894279096259
-0.0129133935979490
-0.0128379673455516
-0.0127631495516773
-0.0126889403789355
-0.0126153397591302
-0.0125423473991206
-0.0124699627867040
-0.0123981851965151
-0.0123270136959419
-0.0122564471510426
-0.0121864842324701
-0.0121171234213865
-0.0120483630153747
-0.0119802011343288
-0.0119126357263339
-0.0118456645735135
-0.0117792852978547
-0.0117134953669969
-0.0116482920999840
-0.0115836726729755
-0.0115196341249095
-0.0114561733631189
-0.0113932871688910
-0.0113309722029706
-0.0112692250110025
-0.0112080420289091
-0.0111474195881999
-0.0110873539212107
-0.0110278411662685
-0.0109688773727795
-0.0109104585062390
-0.0108525804531576
-0.0107952390259045
-0.0107384299674634
-0.0106821489561009
-0.0106263916099430
-0.0105711534914603
-0.0105164301118595
-0.0104622169353782
-0.0104085093834838
-0.0103553028389748
-0.0103025926499819
-0.0102503741338698
-0.0101986425810384
-0.0101473932586217
-0.0100966214140851
-0.0100463222787209
-0.00999649107103951
-0.00994712300005957
-0.00989821326849364
-0.00984975707583180
-0.00980174962132245
-0.00975418610685053
-0.00970706173971384
-0.00966037173529805
-0.00961411131965043
-0.00956827573195383
-0.00952286022690098
-0.00947786007697048
-0.00943327057460517
-0.00938908703429418
-0.00934530479455947
-0.00930191921984847
-0.00925892570233387
-0.00921631966362186
-0.00917409655637049
-0.00913225186581938
-0.00909078111123248
-0.00904967984725551